Scaffold	Pos	Mean	95inf	95Sup
Hmel215006_BefP1 0 943.609	893.664	978.622
Hmel215006_BefP1 100000 578.845	495.877	670.863
Hmel215006_BefP1 10000 674.477	623.845	728.221
Hmel215006_BefP1 1020000 605.891	555.232	677.223
Hmel215006_BefP1 1025000 576.996	511.92	632.831
Hmel215006_BefP1 1030000 745.189	671.821	807.401
Hmel215006_BefP1 1035000 656.782	566.067	734.084
Hmel215006_BefP1 1040000 763.882	706.103	811.903
Hmel215006_BefP1 1045000 683.222	642.437	723.794
Hmel215006_BefP1 1050000 860.294	835.721	892.851
Hmel215006_BefP1 105000 742.52	681.844	795.248
Hmel215006_BefP1 1055000 792.114	744.547	846.883
Hmel215006_BefP1 1060000 635.459	531.733	731.456
Hmel215006_BefP1 1065000 822.945	788.342	870.324
Hmel215006_BefP1 1070000 888.357	829.727	940.146
Hmel215006_BefP1 1075000 701.134	646.16	763.11
Hmel215006_BefP1 1080000 700.303	629.938	772.203
Hmel215006_BefP1 1085000 562.509	498.825	616.622
Hmel215006_BefP1 1090000 700.193	615.69	781.841
Hmel215006_BefP1 1095000 654.686	584.255	725.815
Hmel215006_BefP1 1100000 580.392	529.31	629.512
Hmel215006_BefP1 110000 792.321	715.289	851.977
Hmel215006_BefP1 1105000 782.595	697.74	852.387
Hmel215006_BefP1 1110000 565.944	525.415	624.509
Hmel215006_BefP1 1115000 707.447	649.685	787.614
Hmel215006_BefP1 1120000 606.862	500.058	668.113
Hmel215006_BefP1 1125000 673.289	607.799	737.858
Hmel215006_BefP1 115000 748.57	690.666	808.036
Hmel215006_BefP1 120000 625.709	548.815	689.619
Hmel215006_BefP1 125000 611.867	508.709	718.449
Hmel215006_BefP1 130000 734.742	667.665	798.22
Hmel215006_BefP1 135000 698.126	618.619	764.214
Hmel215006_BefP1 140000 784.015	718.829	839.326
Hmel215006_BefP1 145000 765.455	707.481	817.661
Hmel215006_BefP1 150000 760.701	693.477	830.686
Hmel215006_BefP1 15000 798.271	730.709	857.863
Hmel215006_BefP1 155000 724.6	637.037	781.495
Hmel215006_BefP1 160000 831.56	790.272	870.493
Hmel215006_BefP1 165000 723.093	661.267	799.098
Hmel215006_BefP1 170000 691.675	620.682	767.675
Hmel215006_BefP1 175000 839.152	792.895	886.606
Hmel215006_BefP1 180000 887.943	822.147	922.868
Hmel215006_BefP1 185000 683.43	621.992	743.013
Hmel215006_BefP1 190000 833.179	784.602	875.184
Hmel215006_BefP1 195000 795.759	720.894	845.204
Hmel215006_BefP1 200000 771.308	706.723	840.384
Hmel215006_BefP1 20000 771.218	704.34	828.482
Hmel215006_BefP1 205000 671.691	510.878	749.142
Hmel215006_BefP1 210000 761.492	673.343	845.011
Hmel215006_BefP1 215000 871.819	794.584	929.704
Hmel215006_BefP1 220000 728.178	661.139	794.991
Hmel215006_BefP1 225000 697.62	618.334	768.582
Hmel215006_BefP1 230000 665.449	569.426	740.942
Hmel215006_BefP1 235000 612.858	557.532	673.576
Hmel215006_BefP1 240000 766.469	708.572	824.651
Hmel215006_BefP1 245000 838.436	795.314	880.842
Hmel215006_BefP1 250000 744.875	663.04	798.852
Hmel215006_BefP1 25000 718.163	625.898	787.963
Hmel215006_BefP1 255000 831.819	767.383	888.284
Hmel215006_BefP1 260000 627.378	514.254	705.047
Hmel215006_BefP1 265000 738.037	652.149	813.507
Hmel215006_BefP1 270000 794.621	745.131	844.379
Hmel215006_BefP1 275000 457.033	392.978	536.03
Hmel215006_BefP1 280000 802.548	724.197	853.694
Hmel215006_BefP1 285000 919.387	863.629	962.125
Hmel215006_BefP1 290000 751.433	682.149	805.615
Hmel215006_BefP1 295000 726.092	645.408	796.691
Hmel215006_BefP1 300000 874.241	817.947	912.842
Hmel215006_BefP1 30000 826.537	768.371	878.04
Hmel215006_BefP1 305000 742.797	698.465	791.676
Hmel215006_BefP1 310000 763.9	717.72	811.913
Hmel215006_BefP1 315000 753.396	680.899	816.047
Hmel215006_BefP1 320000 751.128	673.842	813.951
Hmel215006_BefP1 325000 816.422	754.901	869.435
Hmel215006_BefP1 330000 815.15	759.992	862.387
Hmel215006_BefP1 335000 370.664	342.463	414.25
Hmel215006_BefP1 340000 792.547	726.028	844.482
Hmel215006_BefP1 345000 686.077	615.63	741.547
Hmel215006_BefP1 350000 722.368	650.402	789.646
Hmel215006_BefP1 35000 825.578	766.91	876.613
Hmel215006_BefP1 355000 798.935	738.642	852.736
Hmel215006_BefP1 360000 876.26	814.216	923.74
Hmel215006_BefP1 365000 731.835	664.366	790.746
Hmel215006_BefP1 370000 693.872	623.643	754.741
Hmel215006_BefP1 375000 671.647	597.869	750.553
Hmel215006_BefP1 380000 606.572	519.565	685.498
Hmel215006_BefP1 385000 729.019	664.674	788.799
Hmel215006_BefP1 390000 738.296	644.214	803.027
Hmel215006_BefP1 395000 767.318	707.349	817.106
Hmel215006_BefP1 400000 800.795	733.215	862.545
Hmel215006_BefP1 40000 815.456	764.364	859.784
Hmel215006_BefP1 405000 766.072	718.307	814.546
Hmel215006_BefP1 410000 852.259	787.215	896.702
Hmel215006_BefP1 415000 708.63	639.816	774.364
Hmel215006_BefP1 420000 762.344	691.825	816.877
Hmel215006_BefP1 425000 628.096	558.686	702.211
Hmel215006_BefP1 430000 851.311	804.268	897.547
Hmel215006_BefP1 435000 782.695	715.467	837.843
Hmel215006_BefP1 440000 976.741	931.079	997.43
Hmel215006_BefP1 445000 752.239	683.104	816.769
Hmel215006_BefP1 450000 805.898	741.605	861.75
Hmel215006_BefP1 45000 814.899	757.682	864.328
Hmel215006_BefP1 455000 612.689	538.599	698.219
Hmel215006_BefP1 460000 758.565	701.032	817.192
Hmel215006_BefP1 465000 765.272	700.837	818.803
Hmel215006_BefP1 470000 758.716	692.748	827.936
Hmel215006_BefP1 475000 805.174	739.218	844.657
Hmel215006_BefP1 480000 770.512	705.568	828.429
Hmel215006_BefP1 485000 787.548	729.558	838.392
Hmel215006_BefP1 490000 918.833	841.332	971.198
Hmel215006_BefP1 495000 613.623	562.113	660.401
Hmel215006_BefP1 500000 562.622	516.469	611.645
Hmel215006_BefP1 50000 853.924	813.323	888.697
Hmel215006_BefP1 5000 653.391	572.477	725.068
Hmel215006_BefP1 505000 723.055	629.72	789.896
Hmel215006_BefP1 510000 737.966	659.604	814.597
Hmel215006_BefP1 515000 685.635	633.488	728.605
Hmel215006_BefP1 520000 897.75	848.183	943.105
Hmel215006_BefP1 525000 842.66	784.6	903.707
Hmel215006_BefP1 530000 560.858	482.945	639.379
Hmel215006_BefP1 535000 784.514	720.708	837.718
Hmel215006_BefP1 540000 826.545	760.681	875.968
Hmel215006_BefP1 545000 799.361	745.857	844.177
Hmel215006_BefP1 550000 801.225	739.341	860.267
Hmel215006_BefP1 55000 808.47	751.852	870.981
Hmel215006_BefP1 555000 830.443	779.802	874.021
Hmel215006_BefP1 560000 621.974	547.356	687.852
Hmel215006_BefP1 565000 898.123	836.266	957.452
Hmel215006_BefP1 570000 670.958	582.57	760.25
Hmel215006_BefP1 575000 813.173	761.08	860.42
Hmel215006_BefP1 580000 781.416	725.119	834.584
Hmel215006_BefP1 585000 731.61	675.67	787.157
Hmel215006_BefP1 590000 590.343	505.703	670.667
Hmel215006_BefP1 595000 916.095	851.837	966.631
Hmel215006_BefP1 600000 876.46	802.316	950.363
Hmel215006_BefP1 60000 705.329	622.85	780.478
Hmel215006_BefP1 605000 746.61	669.004	827.349
Hmel215006_BefP1 610000 604.717	531.14	671.544
Hmel215006_BefP1 615000 568.44	508.987	634.935
Hmel215006_BefP1 620000 761.788	680.271	832.84
Hmel215006_BefP1 625000 805.659	734.02	878.423
Hmel215006_BefP1 630000 747.53	668.374	807.525
Hmel215006_BefP1 635000 711.386	646.162	765.702
Hmel215006_BefP1 640000 836.233	784.505	883.171
Hmel215006_BefP1 645000 742.432	690.891	792.504
Hmel215006_BefP1 650000 721.561	622.172	775.547
Hmel215006_BefP1 65000 780.596	716.912	840.786
Hmel215006_BefP1 655000 798.18	729.211	866.32
Hmel215006_BefP1 660000 814.002	755.069	874.235
Hmel215006_BefP1 665000 830.543	745.473	893.952
Hmel215006_BefP1 670000 878.606	829.548	923.942
Hmel215006_BefP1 675000 560.188	496.167	646.068
Hmel215006_BefP1 680000 768.062	695.803	832.258
Hmel215006_BefP1 685000 727.532	610.899	826.654
Hmel215006_BefP1 690000 702.373	592.869	786.713
Hmel215006_BefP1 695000 594.492	528.437	651.376
Hmel215006_BefP1 700000 745.016	655.624	810.75
Hmel215006_BefP1 70000 741.939	675.423	804.518
Hmel215006_BefP1 705000 875.689	814.088	927.474
Hmel215006_BefP1 710000 681.366	623.217	740.153
Hmel215006_BefP1 715000 800.04	754.016	838.689
Hmel215006_BefP1 720000 776.003	704.379	839.871
Hmel215006_BefP1 725000 919.346	849.033	976.748
Hmel215006_BefP1 730000 774.687	715.999	832.886
Hmel215006_BefP1 735000 787.607	715.663	848.765
Hmel215006_BefP1 740000 670.811	610.047	733.038
Hmel215006_BefP1 745000 603.864	534.555	686.491
Hmel215006_BefP1 750000 823.526	764.491	880.853
Hmel215006_BefP1 75000 756.155	699.416	816.553
Hmel215006_BefP1 755000 468.907	410.183	537.033
Hmel215006_BefP1 760000 713.32	663.129	771.444
Hmel215006_BefP1 765000 668.593	576.067	767.655
Hmel215006_BefP1 770000 717.085	651.986	776.908
Hmel215006_BefP1 775000 752.79	665.643	828.779
Hmel215006_BefP1 780000 740.986	655.15	810.858
Hmel215006_BefP1 785000 547.754	476.196	608.022
Hmel215006_BefP1 790000 951.125	883.033	993.888
Hmel215006_BefP1 795000 686.882	610.117	755.408
Hmel215006_BefP1 800000 594.783	494.193	678.944
Hmel215006_BefP1 80000 804.53	740.342	866.588
Hmel215006_BefP1 805000 750.713	662.829	831.266
Hmel215006_BefP1 810000 954.759	912.242	983.779
Hmel215006_BefP1 840000 849.003	776.713	908.426
Hmel215006_BefP1 845000 667.467	603.549	741.658
Hmel215006_BefP1 850000 480.922	401.536	542.122
Hmel215006_BefP1 85000 658.597	580.19	736.495
Hmel215006_BefP1 855000 760.088	693.303	825.945
Hmel215006_BefP1 860000 669.037	592.929	732.217
Hmel215006_BefP1 865000 488.319	418.247	540.836
Hmel215006_BefP1 870000 716.176	623.549	791.126
Hmel215006_BefP1 875000 626.81	571.002	688.731
Hmel215006_BefP1 880000 708.693	647.148	772.658
Hmel215006_BefP1 885000 869.332	809.099	913.244
Hmel215006_BefP1 890000 929.413	877.249	972.398
Hmel215006_BefP1 895000 730.636	662.458	791.424
Hmel215006_BefP1 900000 688.926	621.365	754.139
Hmel215006_BefP1 90000 763.396	683.974	837.734
Hmel215006_BefP1 905000 763.813	712.767	814.136
Hmel215006_BefP1 910000 851.277	812.567	891.4
Hmel215006_BefP1 915000 860.675	804.035	907.29
Hmel215006_BefP1 930000 857.656	803.044	909.629
Hmel215006_BefP1 935000 855.772	788.325	906.729
Hmel215006_BefP1 940000 820.143	759.5	869.545
Hmel215006_BefP1 945000 883.199	835.309	927.804
Hmel215006_BefP1 95000 746.535	682.099	807.227
Hmel215006_BefP1 955000 708.679	654.97	744.295
Hmel215006_BefP1 975000 444.085	406.022	481.441
Hmel215006_BefP1 985000 754.46	715.125	810.166
Hmel215006_BefP1 990000 781.57	717.87	832.45
Hmel215006_BefP1 995000 596.998	545.59	649.761
Hmel215006_P1 0 604.309	543.332	660.25
Hmel215006_P1 100000 801.136	737.339	857.37
Hmel215006_P1 10000 684.699	590.776	755.04
Hmel215006_P1 105000 770.866	701.799	829.083
Hmel215006_P1 110000 807.651	737.293	874.695
Hmel215006_P1 115000 761.52	679.109	832.855
Hmel215006_P1 120000 780.073	689.149	860.806
Hmel215006_P1 125000 769.615	679.307	834.857
Hmel215006_P1 130000 818.276	745.351	877.895
Hmel215006_P1 135000 718.871	626.202	796.433
Hmel215006_P1 140000 721.52	646.645	798.56
Hmel215006_P1 145000 874.4	809.471	928.134
Hmel215006_P1 150000 782.144	704.477	843.129
Hmel215006_P1 15000 601.655	520.527	676.255
Hmel215006_P1 155000 566.673	502.034	635.844
Hmel215006_P1 160000 705.3	607.436	775.795
Hmel215006_P1 165000 894.067	830.535	947.672
Hmel215006_P1 170000 713.515	617.847	794.696
Hmel215006_P1 175000 564.355	472.412	681.483
Hmel215006_P1 180000 480.327	404.762	555.875
Hmel215006_P1 185000 775.267	711.639	847.28
Hmel215006_P1 190000 782.043	679.898	863.099
Hmel215006_P1 195000 742.868	645.527	833.035
Hmel215006_P1 200000 654.472	522.126	755.469
Hmel215006_P1 20000 699.858	608.199	791.729
Hmel215006_P1 205000 830.464	757.294	888.375
Hmel215006_P1 210000 906.596	841.22	960.231
Hmel215006_P1 215000 704.831	620.015	780.346
Hmel215006_P1 220000 797.954	713.438	859.157
Hmel215006_P1 225000 804.654	736.827	853.994
Hmel215006_P1 230000 955.134	904.486	986.393
Hmel215006_P1 235000 831.72	768.869	885.867
Hmel215006_P1 240000 673.17	571.149	767.066
Hmel215006_P1 245000 832.089	765.779	889.845
Hmel215006_P1 250000 844.236	764.866	907.52
Hmel215006_P1 25000 586.6	495.703	679.806
Hmel215006_P1 255000 981.511	940.063	999.394
Hmel215006_P1 260000 990.002	963.921	999.742
Hmel215006_P1 265000 933.403	890.821	960.616
Hmel215006_P1 270000 915.183	855.61	954.236
Hmel215006_P1 275000 900.906	845.932	945.996
Hmel215006_P1 280000 882.391	851.932	922.034
Hmel215006_P1 285000 792.581	735.491	868.798
Hmel215006_P1 290000 662.345	577.259	757.284
Hmel215006_P1 295000 664.82	593.196	733.492
Hmel215006_P1 300000 858.344	767.124	913.54
Hmel215006_P1 30000 761.42	674.78	835.68
Hmel215006_P1 305000 869.325	818.708	904.137
Hmel215006_P1 310000 863.557	810.084	912.339
Hmel215006_P1 315000 842.228	764.741	896.772
Hmel215006_P1 320000 790.221	729.203	851.454
Hmel215006_P1 325000 950.874	917.667	981.147
Hmel215006_P1 330000 685.304	584.877	767.739
Hmel215006_P1 335000 684.094	617.017	745.907
Hmel215006_P1 340000 665.979	584.245	770.952
Hmel215006_P1 345000 626.107	522.405	725.026
Hmel215006_P1 350000 753.914	681.184	827.736
Hmel215006_P1 35000 747.763	662.331	834.834
Hmel215006_P1 355000 842.259	765.479	910.601
Hmel215006_P1 360000 701.471	619.685	781.215
Hmel215006_P1 365000 651.019	560.416	737.95
Hmel215006_P1 370000 683.087	599.949	766.822
Hmel215006_P1 375000 689.032	600.721	764.381
Hmel215006_P1 380000 730.492	625.035	817.053
Hmel215006_P1 385000 473.362	359.885	573.615
Hmel215006_P1 390000 633.044	526.108	746.962
Hmel215006_P1 395000 618.641	526.125	725.972
Hmel215006_P1 40000 727.065	594.881	822.185
Hmel215006_P1 45000 919.933	872.544	961.426
Hmel215006_P1 50000 936.622	893.25	969.691
Hmel215006_P1 5000 774.602	679.118	837.306
Hmel215006_P1 55000 696.313	628.786	778.951
Hmel215006_P1 60000 802.625	733.193	865.322
Hmel215006_P1 65000 885.272	823.126	935.38
Hmel215006_P1 70000 816.627	724.313	900.518
Hmel215006_P1 75000 643.279	533.524	725.573
Hmel215006_P1 80000 739.674	646.132	811.211
Hmel215006_P1 85000 680.661	598.781	764.744
Hmel215006_P1 90000 717.824	607.802	808.005
Hmel215006_P1 95000 727.31	640.888	804.161
Hmel215006_P2 0 575.551	461.212	696.525
Hmel215006_P2 100000 280.416	195.919	364.316
Hmel215006_P2 10000 566.963	417.845	703.251
Hmel215006_P2 105000 540.151	454.645	627.213
Hmel215006_P2 110000 309.057	144.28	479.989
Hmel215006_P2 115000 472.747	345.108	586.141
Hmel215006_P2 120000 492.129	368.895	611.025
Hmel215006_P2 125000 470.6	348.774	589.593
Hmel215006_P2 130000 330.91	233.12	437.744
Hmel215006_P2 135000 768.751	643.11	859.023
Hmel215006_P2 140000 531.895	411.567	647.239
Hmel215006_P2 145000 356.164	236.259	465.673
Hmel215006_P2 150000 758.804	615.832	879.021
Hmel215006_P2 15000 587.587	437.373	724.451
Hmel215006_P2 155000 401.288	268.06	513.951
Hmel215006_P2 160000 745.099	628.985	854.836
Hmel215006_P2 165000 630.09	465.47	762.766
Hmel215006_P2 170000 390.74	272.545	524.36
Hmel215006_P2 175000 440.361	286.726	574.833
Hmel215006_P2 180000 655.506	485.395	794.305
Hmel215006_P2 185000 784.387	676.34	902.382
Hmel215006_P2 190000 880.292	809.345	933.439
Hmel215006_P2 195000 237.75	142.575	343.589
Hmel215006_P2 200000 257.496	155.606	375.941
Hmel215006_P2 20000 629.29	465.11	784.332
Hmel215006_P2 205000 265.643	175.647	367.128
Hmel215006_P2 210000 221.328	141.687	328.941
Hmel215006_P2 215000 210.687	93.6891	363.392
Hmel215006_P2 220000 354.186	242.243	453.864
Hmel215006_P2 225000 302.695	187.594	424.192
Hmel215006_P2 230000 567.693	439.156	692.831
Hmel215006_P2 235000 237.647	149.676	321.03
Hmel215006_P2 240000 600.841	515.751	693.213
Hmel215006_P2 245000 424.72	308.032	544.348
Hmel215006_P2 250000 426.635	321.836	542.315
Hmel215006_P2 25000 750.59	606.601	880.741
Hmel215006_P2 255000 389.518	273.506	511.507
Hmel215006_P2 260000 256	164.12	356.016
Hmel215006_P2 265000 180.197	115.868	270.317
Hmel215006_P2 270000 328.781	219.097	439.066
Hmel215006_P2 275000 362.162	247.657	482.386
Hmel215006_P2 280000 815.514	745.012	873.14
Hmel215006_P2 285000 735.511	659.4	799.517
Hmel215006_P2 290000 769.656	649.4	856.731
Hmel215006_P2 295000 504.439	392.797	611.533
Hmel215006_P2 300000 340.575	235.481	454.775
Hmel215006_P2 30000 834.625	737.761	902.289
Hmel215006_P2 305000 579.713	416.35	726.479
Hmel215006_P2 310000 435.302	311.598	557.923
Hmel215006_P2 315000 543.296	404.168	677.388
Hmel215006_P2 320000 433.949	319.414	566.4
Hmel215006_P2 325000 299.42	196.79	402.657
Hmel215006_P2 330000 577.333	447.376	700.328
Hmel215006_P2 335000 703.697	565.398	812.873
Hmel215006_P2 340000 358.926	252.63	469.673
Hmel215006_P2 345000 460.241	334.699	582.406
Hmel215006_P2 350000 321.292	218.801	430.883
Hmel215006_P2 35000 690.076	567.01	803.543
Hmel215006_P2 355000 257.81	164.376	359.289
Hmel215006_P2 360000 227.943	114.584	379.496
Hmel215006_P2 365000 364.811	244.112	470.187
Hmel215006_P2 370000 228.78	158.214	301.023
Hmel215006_P2 375000 310.37	213.443	414.549
Hmel215006_P2 380000 302.89	213.045	407.262
Hmel215006_P2 385000 142.106	65.7699	222.225
Hmel215006_P2 390000 334.576	223.176	452.779
Hmel215006_P2 395000 437.797	309.746	569.316
Hmel215006_P2 400000 237.45	160.59	323.961
Hmel215006_P2 40000 798.584	680.59	891.092
Hmel215006_P2 405000 453.661	324.884	571.742
Hmel215006_P2 45000 554.242	336.736	687.597
Hmel215006_P2 50000 487.363	358.836	631.631
Hmel215006_P2 5000 677.7	539.1	782.579
Hmel215006_P2 55000 287.982	216.171	395.559
Hmel215006_P2 60000 569.856	425.766	696.738
Hmel215006_P2 65000 283.534	201.122	367.787
Hmel215006_P2 70000 442.907	336.938	563.419
Hmel215006_P2 75000 394.525	282.786	497.83
Hmel215006_P2 80000 722.338	544.782	837.537
Hmel215006_P2 85000 788.393	731.781	847.694
Hmel215006_P2 90000 376.341	288.991	475.313
Hmel215006_P2 95000 458.569	342.376	567.863
Hmel215008 0 928.638	881.724	967.799
Hmel215008 100000 482.168	321.679	631.529
Hmel215008 10000 876.887	820.023	925.825
Hmel215008 105000 293.314	210.05	392.988
Hmel215008 110000 492.415	352.693	635.415
Hmel215008 115000 377.628	246.344	503.59
Hmel215008 120000 148.785	94.8153	220.977
Hmel215008 125000 491.14	336.795	649.184
Hmel215008 130000 163.75	104.311	237.907
Hmel215008 135000 484.243	356.509	618.197
Hmel215008 140000 378.179	252.302	517.433
Hmel215008 145000 206.175	132.656	297.241
Hmel215008 150000 642.691	578.699	711.26
Hmel215008 15000 324.511	207.748	443.808
Hmel215008 155000 429.809	320.844	546.613
Hmel215008 160000 278.555	191.89	372.52
Hmel215008 165000 240.089	157.053	347.612
Hmel215008 170000 215.616	138.268	305.667
Hmel215008 175000 451.221	326.167	561.767
Hmel215008 180000 488.189	357.207	615.8
Hmel215008 185000 244.975	165.157	349.666
Hmel215008 190000 314.621	212.274	437.227
Hmel215008 195000 330.22	223.269	463.774
Hmel215008 200000 182.828	118.894	255.247
Hmel215008 20000 609.673	464.579	735.112
Hmel215008 205000 265.951	192.724	352.019
Hmel215008 210000 467.238	339.744	597.748
Hmel215008 215000 386.757	279.677	488.624
Hmel215008 220000 324.023	220.718	438.642
Hmel215008 225000 277.522	190.916	370.297
Hmel215008 230000 455.379	322.437	591.5
Hmel215008 25000 374.199	242.855	507.753
Hmel215008 30000 454.745	313.296	586.318
Hmel215008 35000 569.253	436.927	687.237
Hmel215008 40000 130.176	80.4069	186.124
Hmel215008 45000 515.364	361.581	660.152
Hmel215008 50000 604.716	422.514	748.519
Hmel215008 5000 840.699	791.742	887.829
Hmel215008 55000 365.717	217.229	499.812
Hmel215008 60000 904.549	836.319	957.467
Hmel215008 65000 410.076	309.397	525.477
Hmel215008 70000 664.937	547.788	762.749
Hmel215008 75000 598.368	490.156	691.267
Hmel215008 80000 518.36	395.478	624.705
Hmel215008 85000 447.835	340.397	547.45
Hmel215008 90000 578.689	434.905	713.949
Hmel215008 95000 621.203	477.722	735.614
Hmel215009 0 663.523	488.428	807.744
Hmel215009 10000 651.688	492.73	773.244
Hmel215009 15000 398.807	292.839	509.488
Hmel215009 20000 391.832	279.384	508.059
Hmel215009 25000 295.508	202.999	391.818
Hmel215009 30000 299.926	207.802	397.548
Hmel215009 35000 237.324	162.137	322.912
Hmel215009 40000 370.657	253.584	496.322
Hmel215009 45000 486.266	372.431	592.34
Hmel215009 50000 349.47	243.528	441.587
Hmel215009 5000 736.789	572.363	853.386
Hmel215009 55000 446.42	309.756	578.917
Hmel215009 60000 228.82	147.707	322.475
Hmel215010 0 951.52	906.494	987.679
Hmel215010 10000 936.029	875.658	976.022
Hmel215010 15000 975.842	938.932	997.188
Hmel215010 20000 990.627	966.926	999.75
Hmel215010 25000 712.118	636.7	785.73
Hmel215010 30000 740.494	659.905	824.623
Hmel215010 5000 688.645	588.67	767.993
Hmel215011 0 988.949	960.038	999.732
Hmel215011 10000 291.04	183.88	410.497
Hmel215011 15000 540.065	381.094	698.624
Hmel215011 5000 670.19	529.517	802.348
Hmel215012 0 991.998	966.446	999.847
Hmel215012 5000 555.31	454.094	661.123
Hmel215017 0 344.158	227.59	464.638
Hmel215017 10000 424.57	305.522	529.388
Hmel215017 15000 282.698	170.965	401.86
Hmel215017 20000 508.85	365.868	646.352
Hmel215017 25000 406.221	276.347	532.489
Hmel215017 30000 384.164	276.042	490.716
Hmel215017 35000 253.144	125.385	412.904
Hmel215017 40000 327.133	214.642	449.411
Hmel215017 45000 285.764	172.533	415.649
Hmel215017 50000 290.799	171.729	425.769
Hmel215017 5000 282.949	187.824	384.708
Hmel215017 55000 287.077	194.93	382.887
Hmel215017 60000 464.599	326.784	596.167
Hmel215017 65000 279.888	190.51	373.633
Hmel215017 70000 561.36	410.204	680.255
Hmel215017 75000 560.494	414.73	706.308
Hmel215017 80000 632.919	470.638	760.383
Hmel215018 0 315.892	224.483	408.049
Hmel215018 10000 225.431	151.877	310.332
Hmel215018 15000 439.338	318.024	548.605
Hmel215018 20000 426.702	301.996	561.331
Hmel215018 25000 331.005	235.089	442.967
Hmel215018 30000 628.37	503.998	742.973
Hmel215018 35000 449.995	319.366	590.383
Hmel215018 40000 479.78	311.901	648.342
Hmel215018 45000 974.15	939.715	994.171
Hmel215018 50000 256.751	171.651	353.897
Hmel215018 5000 644.814	479.39	769.523
Hmel215018 55000 265.288	150.782	387.423
Hmel215018 60000 325.011	199.957	444.815
Hmel215018 65000 588.789	450.336	713.793
Hmel215019 0 706.348	555.068	823.733
Hmel215019 10000 272.413	174.731	379.431
Hmel215019 15000 309.755	218.406	404.587
Hmel215019 20000 442.91	322.726	558.353
Hmel215019 25000 367.76	254.396	477.011
Hmel215019 30000 517.809	398.004	625.233
Hmel215019 5000 407.875	273.647	534.343
Hmel215020 0 404.182	275.267	518.492
Hmel215020 10000 370.428	247.383	489.01
Hmel215020 15000 754.393	635.989	861.429
Hmel215020 20000 637.575	518.399	733.283
Hmel215020 25000 646.537	540.844	731.914
Hmel215020 30000 814.797	732.537	888.979
Hmel215020 35000 645.218	559.95	718.72
Hmel215020 5000 378.136	275.353	479.194
Hmel215021 0 684.68	603.074	767.236
Hmel215025_AftP2 0 598.293	504.578	681.361
Hmel215025_AftP2 10000 580.932	535.306	623.438
Hmel215025_AftP2 15000 747.098	671.742	807.458
Hmel215025_AftP2 20000 503.641	449.035	561.906
Hmel215025_AftP2 5000 677.044	612.264	740.847
Hmel215025_P2 0 626.583	464.963	777.451
Hmel215025_P2 100000 715.553	564.921	824.958
Hmel215025_P2 10000 549.334	435.648	657.764
Hmel215025_P2 105000 169.802	103.769	252.913
Hmel215025_P2 110000 379.415	250.561	512.132
Hmel215025_P2 115000 385.592	262.826	523.129
Hmel215025_P2 120000 313.267	193.431	452.118
Hmel215025_P2 125000 303.493	199.254	451.176
Hmel215025_P2 15000 402.58	308.193	507.207
Hmel215025_P2 20000 895.421	827.811	948.266
Hmel215025_P2 25000 425.193	294.08	535.503
Hmel215025_P2 30000 744.922	671.945	822.347
Hmel215025_P2 35000 699.683	643.903	759.995
Hmel215025_P2 40000 665.917	564.323	746.955
Hmel215025_P2 45000 677.747	566.87	775.699
Hmel215025_P2 50000 253.62	153.883	365.827
Hmel215025_P2 5000 249.146	165.61	338.44
Hmel215025_P2 55000 581.948	440.266	703.423
Hmel215025_P2 60000 729.27	577.537	831.541
Hmel215025_P2 65000 647.523	503.915	760.038
Hmel215025_P2 70000 673.281	544.871	773.408
Hmel215025_P2 75000 378.755	268.217	483.512
Hmel215025_P2 80000 544.318	432.75	637.467
Hmel215025_P2 85000 576.594	407.586	699.421
Hmel215025_P2 90000 760.142	634.715	868.2
Hmel215025_P2 95000 650.318	505.295	763.505
Hmel215028 0 722.46	629.408	812.729
Hmel215028 1000000 607.27	547.564	672.67
Hmel215028 100000 730.868	665.672	790.485
Hmel215028 10000 479.75	417.968	548.67
Hmel215028 1005000 896.254	861.184	935.409
Hmel215028 1010000 763.538	691.649	815.755
Hmel215028 1015000 596.366	519.793	675.819
Hmel215028 1020000 611.343	533.001	672.652
Hmel215028 1025000 677.04	603.379	747.545
Hmel215028 1030000 751.713	657.714	826.382
Hmel215028 1035000 637.534	577.001	702.016
Hmel215028 1040000 845.336	787.715	891.54
Hmel215028 1045000 623.966	550.403	705.744
Hmel215028 1050000 641.684	573.868	738.161
Hmel215028 105000 652.599	561.866	734.738
Hmel215028 1055000 735.884	654.519	811.079
Hmel215028 1060000 648.081	517.759	743.227
Hmel215028 1065000 629.575	550.592	697.549
Hmel215028 1070000 742.569	681.356	802.591
Hmel215028 1075000 798.487	708.519	885.67
Hmel215028 1080000 597.662	513.209	674.403
Hmel215028 1085000 675.916	610.335	738.841
Hmel215028 1090000 772.831	714.154	835.237
Hmel215028 1095000 605.021	537.654	671.799
Hmel215028 1100000 722.252	650.607	776.185
Hmel215028 110000 708.47	606.062	790.861
Hmel215028 1105000 491.368	425.96	570.637
Hmel215028 115000 751.614	690.449	810.285
Hmel215028 120000 801.109	724.543	900.589
Hmel215028 125000 796.874	716.052	868.653
Hmel215028 130000 753.919	654.75	842.743
Hmel215028 135000 808.656	750.243	865.041
Hmel215028 140000 713.079	626.922	805.108
Hmel215028 145000 808.743	757.704	865.867
Hmel215028 150000 772.016	694.693	844.616
Hmel215028 15000 628.315	527.196	731.911
Hmel215028 155000 606.993	519.014	678.343
Hmel215028 160000 668.689	588.236	768.409
Hmel215028 165000 761.341	674.857	845.712
Hmel215028 170000 652.741	581.178	747.902
Hmel215028 175000 750.713	682.546	811.921
Hmel215028 180000 707.914	633.715	770.853
Hmel215028 185000 538.826	485.603	596.909
Hmel215028 190000 374.587	292.538	454.348
Hmel215028 195000 908.44	871.558	941.068
Hmel215028 200000 395.929	351.415	441.686
Hmel215028 20000 579.522	506.241	656.34
Hmel215028 205000 741.604	675.828	811.812
Hmel215028 210000 890.999	817.487	949.447
Hmel215028 215000 704.966	636.376	760.342
Hmel215028 220000 754.452	666.819	823.181
Hmel215028 225000 852.95	796.285	907.407
Hmel215028 230000 824.728	768.339	869.368
Hmel215028 235000 779.936	709.594	843.056
Hmel215028 240000 781.468	720.331	841.307
Hmel215028 245000 650.057	546.998	734.591
Hmel215028 250000 525.085	453.933	584.822
Hmel215028 25000 631.338	571.643	712.446
Hmel215028 255000 748.839	688.681	805.981
Hmel215028 260000 779.438	725.032	830.607
Hmel215028 265000 651.103	578.364	719.935
Hmel215028 270000 733.835	644.792	785.485
Hmel215028 275000 517.319	448.419	580.559
Hmel215028 280000 732.996	659.448	805.45
Hmel215028 290000 688.857	558.054	774.931
Hmel215028 295000 495.753	397.153	567.604
Hmel215028 300000 859.217	800.461	910.319
Hmel215028 30000 564.106	525.457	610.098
Hmel215028 305000 772.118	717.918	831.431
Hmel215028 310000 533.409	468.283	583.522
Hmel215028 315000 570.829	519.079	625.74
Hmel215028 320000 506.382	459.501	550.668
Hmel215028 325000 576.14	504.998	638.628
Hmel215028 330000 679.721	614.727	743.06
Hmel215028 335000 565.6	513.728	610.526
Hmel215028 340000 518.564	453.094	578.802
Hmel215028 345000 711.554	646.929	774.444
Hmel215028 350000 694.67	630.759	754.428
Hmel215028 35000 733.231	659.916	790.663
Hmel215028 355000 717.787	670.001	764.775
Hmel215028 360000 683.363	618.768	755.371
Hmel215028 365000 701.047	639.393	766.209
Hmel215028 385000 708.612	639.764	771.54
Hmel215028 390000 695.825	648.417	769.328
Hmel215028 395000 679.658	607.922	745.815
Hmel215028 40000 713.939	632.877	820.97
Hmel215028 405000 568.18	450.075	645.369
Hmel215028 410000 602.442	527.072	675.768
Hmel215028 415000 589.503	523.648	657.86
Hmel215028 420000 909.717	829.187	963.624
Hmel215028 425000 823.386	772.286	872.149
Hmel215028 430000 686.287	629.584	751.804
Hmel215028 435000 811.367	706.104	886.403
Hmel215028 445000 747.892	706.657	790.635
Hmel215028 450000 727.602	671.354	787.16
Hmel215028 45000 820.063	759.423	875.25
Hmel215028 455000 746.927	672.507	820.852
Hmel215028 460000 677.496	618.79	747.686
Hmel215028 465000 659.661	591.666	727.985
Hmel215028 470000 937.696	896.34	974.006
Hmel215028 475000 738.986	666.21	810.115
Hmel215028 480000 906.158	854.446	951.271
Hmel215028 485000 752.559	700.207	803.163
Hmel215028 490000 520.364	481.337	572.86
Hmel215028 495000 762.317	657.117	844.415
Hmel215028 500000 527.874	482.044	580.346
Hmel215028 50000 655.746	553.277	755.484
Hmel215028 5000 638.825	583.462	699.098
Hmel215028 505000 506.915	460.516	590.253
Hmel215028 510000 586.414	479.677	680.8
Hmel215028 515000 857.543	796.681	913.571
Hmel215028 520000 771.864	683.133	849.76
Hmel215028 525000 875.502	826.32	922.304
Hmel215028 530000 898.5	815.868	951.304
Hmel215028 535000 938.47	892.478	971.259
Hmel215028 540000 578.091	522.695	640.176
Hmel215028 545000 749.136	684.479	808.686
Hmel215028 550000 627.562	566.798	702.706
Hmel215028 55000 632.944	561.653	738.131
Hmel215028 555000 644.264	543.107	726.501
Hmel215028 560000 589.704	531.086	645.244
Hmel215028 565000 815.205	776.118	849.577
Hmel215028 570000 678.956	600.698	766.972
Hmel215028 580000 584.827	512.506	672.894
Hmel215028 590000 687.081	619.365	753.527
Hmel215028 595000 772.803	715.864	831.17
Hmel215028 600000 619.025	500.542	712.424
Hmel215028 60000 683.343	601.377	768.854
Hmel215028 605000 591.384	529.723	659.038
Hmel215028 610000 731.116	669.713	792.542
Hmel215028 615000 666.814	602.503	741.344
Hmel215028 620000 658.715	595.843	721.614
Hmel215028 630000 587.961	460.979	632.059
Hmel215028 635000 742.963	665.892	815.953
Hmel215028 645000 715.747	656.368	785.086
Hmel215028 650000 692.754	642.127	761.277
Hmel215028 65000 556.725	506.851	616.671
Hmel215028 655000 608.053	535.297	683.331
Hmel215028 660000 768.229	719.094	816.734
Hmel215028 665000 703.747	603.146	767.135
Hmel215028 670000 683.531	608.707	756.786
Hmel215028 675000 591.546	516.837	672.337
Hmel215028 680000 613.697	493.263	686.885
Hmel215028 685000 515.099	432.036	589.092
Hmel215028 690000 647.01	590.633	709.677
Hmel215028 695000 687.428	605.6	790.097
Hmel215028 700000 669.842	600.189	746.071
Hmel215028 70000 851.844	796.259	905.852
Hmel215028 705000 684.232	620.135	773.087
Hmel215028 710000 693.091	622.929	759.035
Hmel215028 715000 639.151	578.499	710.285
Hmel215028 720000 745.44	687.667	801.861
Hmel215028 725000 876.779	830.002	911.499
Hmel215028 740000 604.177	541.688	663.798
Hmel215028 745000 725.844	648.854	801.742
Hmel215028 750000 803.621	721.638	889.318
Hmel215028 75000 730.37	650.348	798.732
Hmel215028 755000 698.848	655.705	742.835
Hmel215028 760000 492.384	430.112	562.701
Hmel215028 765000 474.209	396.146	536.761
Hmel215028 770000 393.32	343.442	431.98
Hmel215028 775000 825.253	757.099	881.524
Hmel215028 780000 917.9	807.091	977.551
Hmel215028 785000 771.613	693.353	847.215
Hmel215028 790000 547.471	503.097	599.823
Hmel215028 795000 747.08	700.477	800.532
Hmel215028 800000 888.464	834.118	929.873
Hmel215028 80000 538.456	483.796	612.233
Hmel215028 805000 883.598	822.766	928.58
Hmel215028 810000 490.273	405.176	570.227
Hmel215028 815000 566.363	487.114	623.501
Hmel215028 820000 859.355	804.584	913.317
Hmel215028 825000 727.137	677.222	791.321
Hmel215028 835000 732.993	664.65	793.683
Hmel215028 840000 831.24	767.332	888.956
Hmel215028 845000 749.59	695.421	811.15
Hmel215028 850000 814.444	742.606	879.098
Hmel215028 85000 615.374	522.19	682.021
Hmel215028 855000 682.507	614.218	773.511
Hmel215028 860000 653.761	551.302	702.311
Hmel215028 865000 779.295	725.054	826.16
Hmel215028 870000 795.593	739.89	843.12
Hmel215028 875000 734.199	675.839	787.961
Hmel215028 880000 585.89	525.76	655.098
Hmel215028 885000 822.845	762.243	882.321
Hmel215028 890000 759.167	697.567	813.629
Hmel215028 895000 686.633	619.811	765.774
Hmel215028 900000 738.828	682.989	801.855
Hmel215028 90000 717.257	628.182	819.307
Hmel215028 905000 620.285	554.57	676.522
Hmel215028 910000 788.835	737.868	840.624
Hmel215028 915000 775.14	717.575	836.951
Hmel215028 920000 609.547	559.066	658.106
Hmel215028 925000 729.265	647.404	807.174
Hmel215028 930000 731.245	652.75	802.566
Hmel215028 935000 942.658	891.919	981.497
Hmel215028 940000 936.806	875.652	979.048
Hmel215028 945000 714.468	643.357	784.255
Hmel215028 950000 663.796	578.152	746.299
Hmel215028 95000 750.813	686.729	820.316
Hmel215028 955000 751.12	679.893	828.667
Hmel215028 960000 614.772	528.735	691.374
Hmel215028 965000 645.216	579.106	696.23
Hmel215028 970000 978.73	938.007	997.251
Hmel215028 975000 490.881	434.962	560.726
Hmel215028 980000 754.525	686.545	816.817
Hmel215028 985000 572.592	510.431	653.903
Hmel215028 990000 626.108	563.939	686.313
Hmel215028 995000 558.253	507.285	607.255
Hmel215029 0 803.568	747.304	848.687
Hmel215029 100000 674.743	560.446	751.068
Hmel215029 10000 432.021	385.284	494.156
Hmel215029 105000 673.839	591.507	741.525
Hmel215029 110000 606.646	543.275	673.776
Hmel215029 115000 699.726	609.75	771.081
Hmel215029 120000 835.888	710.828	937.77
Hmel215029 125000 541.463	476.479	613.054
Hmel215029 130000 731.534	644.2	807.678
Hmel215029 135000 542.395	478.7	621.907
Hmel215029 140000 652.366	592.618	713.014
Hmel215029 145000 468.226	411.971	519.921
Hmel215029 150000 584.218	499.302	660.943
Hmel215029 15000 598.034	525.875	664.896
Hmel215029 155000 561.562	488.334	632.111
Hmel215029 160000 611.677	548.77	669.867
Hmel215029 165000 618.22	516.632	703.01
Hmel215029 170000 679.194	575.729	767.244
Hmel215029 175000 688.109	627.214	740.189
Hmel215029 180000 771.634	715.924	823.526
Hmel215029 185000 689.033	605.442	758.34
Hmel215029 190000 681.97	613.259	743.329
Hmel215029 195000 541.065	480.172	607.157
Hmel215029 200000 660.94	585.731	728.745
Hmel215029 20000 610.066	565.846	663.826
Hmel215029 205000 559.167	486.775	627.179
Hmel215029 210000 679.263	606.78	757.633
Hmel215029 215000 710.569	627.29	797.085
Hmel215029 220000 754.309	679.279	818.848
Hmel215029 225000 700.417	635.404	774.166
Hmel215029 230000 641.231	553.1	720.41
Hmel215029 235000 715.146	652.078	773.367
Hmel215029 240000 535.934	487.813	584.619
Hmel215029 245000 502.322	422.22	596.775
Hmel215029 250000 692.154	608.832	758.088
Hmel215029 25000 639.655	583.587	709.431
Hmel215029 255000 846.243	791.06	890.585
Hmel215029 260000 699.466	645.606	756.55
Hmel215029 265000 881.289	847.48	913.805
Hmel215029 270000 799.674	744.112	850.626
Hmel215029 275000 900.46	866.864	932.174
Hmel215029 280000 775.908	734.749	800.18
Hmel215029 285000 660.311	612.811	722.589
Hmel215029 290000 626.86	571.369	675.144
Hmel215029 295000 496.871	410.332	572.531
Hmel215029 300000 703.889	622.978	793.517
Hmel215029 30000 491.753	407.839	544.214
Hmel215029 305000 690.394	615.511	811.315
Hmel215029 310000 910.535	836.707	967.904
Hmel215029 315000 829.27	761.002	892.153
Hmel215029 320000 814.325	760.559	862.148
Hmel215029 325000 992.362	970.601	999.788
Hmel215029 330000 842.635	800.07	888.168
Hmel215029 335000 908.824	779.881	962.725
Hmel215029 340000 977.132	950.773	995.242
Hmel215029 345000 721.759	656.158	779.721
Hmel215029 350000 748.583	678.636	805.054
Hmel215029 35000 650.868	554.505	719.764
Hmel215029 355000 773.459	711.743	816.13
Hmel215029 360000 747.907	692.875	810.3
Hmel215029 365000 800.211	742.57	854.234
Hmel215029 370000 810.405	742.087	866.767
Hmel215029 375000 771.645	702.019	837.08
Hmel215029 380000 682.181	602.872	748.219
Hmel215029 385000 776.668	714.551	827.74
Hmel215029 390000 509.667	465.994	576.049
Hmel215029 40000 658.031	552.154	758.777
Hmel215029 45000 647.252	568.271	735.068
Hmel215029 50000 604.715	553.262	654.778
Hmel215029 5000 716.548	639.404	786.107
Hmel215029 55000 680.222	605.107	757.646
Hmel215029 60000 654.072	574.971	739.987
Hmel215029 65000 689.443	605.074	764.487
Hmel215029 70000 787.957	726.959	835.867
Hmel215029 75000 815.629	731.034	903.394
Hmel215029 80000 861.072	789.914	910.945
Hmel215029 85000 680.703	631.923	719.868
Hmel215029 90000 613.764	540.13	690.431
Hmel215029 95000 776.244	712.334	819.761
