Scaffold	Pos	Mean	95inf	95Sup
Hmel215006_BefP1 0 392.169	178.417	635.08
Hmel215006_BefP1 100000 75.0554	39.1433	128.007
Hmel215006_BefP1 10000 473.061	318.851	584.184
Hmel215006_BefP1 1020000 315.206	238.775	408.714
Hmel215006_BefP1 1025000 96.9816	42.8807	191.629
Hmel215006_BefP1 1030000 307.025	144.241	486.285
Hmel215006_BefP1 1035000 321.923	157.578	496.337
Hmel215006_BefP1 1040000 225.779	113.228	338.41
Hmel215006_BefP1 1045000 130.005	59.8436	231.157
Hmel215006_BefP1 1050000 118.67	53.7179	217.913
Hmel215006_BefP1 105000 321.943	208.515	444.963
Hmel215006_BefP1 1055000 73.8505	7.01829	223.971
Hmel215006_BefP1 1060000 52.1245	3.54568	172.433
Hmel215006_BefP1 1065000 430.709	248.157	586.379
Hmel215006_BefP1 1070000 288.89	138.028	441.524
Hmel215006_BefP1 1075000 259.344	146.97	376.682
Hmel215006_BefP1 1080000 63.3363	25.9707	123.514
Hmel215006_BefP1 1085000 36.1447	10.4009	88.974
Hmel215006_BefP1 1090000 90.634	46.4425	155.754
Hmel215006_BefP1 1095000 110.625	25.5788	270.538
Hmel215006_BefP1 1100000 0.971727	0.01563	4.87221
Hmel215006_BefP1 110000 430.808	239.828	604.812
Hmel215006_BefP1 1105000 43.1246	10.9606	119.778
Hmel215006_BefP1 1110000 0.721117	0.01552	2.73543
Hmel215006_BefP1 1115000 1.87379	0.13267	8.21885
Hmel215006_BefP1 1120000 152.482	77.2362	240.86
Hmel215006_BefP1 1125000 112.936	60.4636	179.967
Hmel215006_BefP1 115000 434.554	265.803	582.592
Hmel215006_BefP1 120000 308.506	180.299	423.723
Hmel215006_BefP1 125000 344.293	228.529	461.706
Hmel215006_BefP1 130000 168.322	90.8715	283.594
Hmel215006_BefP1 135000 160.888	91.713	254.233
Hmel215006_BefP1 140000 38.616	17.3585	76.2995
Hmel215006_BefP1 145000 356.083	194.799	498.32
Hmel215006_BefP1 150000 255.221	143.183	379.203
Hmel215006_BefP1 15000 407.286	256.462	580.611
Hmel215006_BefP1 155000 297.549	209.171	394.115
Hmel215006_BefP1 160000 401.357	212.715	554.55
Hmel215006_BefP1 165000 246.485	108.159	393.445
Hmel215006_BefP1 170000 414.171	270.799	556.993
Hmel215006_BefP1 175000 546.879	389.217	674.788
Hmel215006_BefP1 180000 218.169	101.415	355.209
Hmel215006_BefP1 185000 200.362	123.392	286.902
Hmel215006_BefP1 190000 429.347	299.042	549.348
Hmel215006_BefP1 195000 281.827	126.083	425.394
Hmel215006_BefP1 200000 351.475	211.679	481.743
Hmel215006_BefP1 20000 269.974	127.034	428.405
Hmel215006_BefP1 205000 463.917	296.305	576.053
Hmel215006_BefP1 210000 359.791	190.773	517.857
Hmel215006_BefP1 215000 432.786	262.477	592.203
Hmel215006_BefP1 220000 497.742	408.807	584.967
Hmel215006_BefP1 225000 428.95	261.998	564.345
Hmel215006_BefP1 230000 406.122	254.919	552.013
Hmel215006_BefP1 235000 315.827	192.54	433.213
Hmel215006_BefP1 240000 192.625	79.4061	327.539
Hmel215006_BefP1 245000 266.769	150.895	385.755
Hmel215006_BefP1 250000 494.558	351.727	621.615
Hmel215006_BefP1 25000 468.008	346.007	577.095
Hmel215006_BefP1 255000 312.983	139.548	485.33
Hmel215006_BefP1 260000 122.901	61.3624	215.867
Hmel215006_BefP1 265000 335.922	199.461	465.156
Hmel215006_BefP1 270000 474.911	345.317	588.945
Hmel215006_BefP1 275000 197.722	118.832	282.88
Hmel215006_BefP1 280000 490.175	301.303	633.848
Hmel215006_BefP1 285000 419.936	254.319	580.467
Hmel215006_BefP1 290000 367.713	181.737	518.132
Hmel215006_BefP1 295000 229.203	111.494	372.859
Hmel215006_BefP1 300000 536.667	390.473	659.567
Hmel215006_BefP1 30000 448.945	287.887	595.91
Hmel215006_BefP1 305000 413.46	333.216	511.526
Hmel215006_BefP1 310000 421.476	300.47	530.585
Hmel215006_BefP1 315000 334.801	168.123	509.327
Hmel215006_BefP1 320000 228.594	105.183	398.704
Hmel215006_BefP1 325000 422.484	236.973	600.535
Hmel215006_BefP1 330000 457.299	317.535	563.141
Hmel215006_BefP1 335000 246.322	197.136	298.705
Hmel215006_BefP1 340000 253.097	119.213	399.726
Hmel215006_BefP1 345000 306.115	174.666	421.541
Hmel215006_BefP1 350000 215.336	107.866	372.591
Hmel215006_BefP1 35000 225.314	87.0827	457.284
Hmel215006_BefP1 355000 281.31	143.865	424.035
Hmel215006_BefP1 360000 641.358	552.424	741.348
Hmel215006_BefP1 365000 498.389	369.154	613.026
Hmel215006_BefP1 370000 149.406	60.1327	268.382
Hmel215006_BefP1 375000 230.095	134.652	349.619
Hmel215006_BefP1 380000 376.959	283.261	484.068
Hmel215006_BefP1 385000 505.75	346.691	633.449
Hmel215006_BefP1 390000 437.322	237.455	604.581
Hmel215006_BefP1 395000 353.38	206.035	492.155
Hmel215006_BefP1 400000 434.093	322.997	546.553
Hmel215006_BefP1 40000 527.864	365.991	644.379
Hmel215006_BefP1 405000 306.101	163.36	443.139
Hmel215006_BefP1 410000 453.884	266.408	598.37
Hmel215006_BefP1 415000 183.884	98.1822	274.564
Hmel215006_BefP1 420000 424.088	261.375	563.299
Hmel215006_BefP1 425000 198.655	93.3696	313.936
Hmel215006_BefP1 430000 274.408	222.383	336.023
Hmel215006_BefP1 435000 96.6362	50.295	164.73
Hmel215006_BefP1 440000 113.783	54.7416	182.53
Hmel215006_BefP1 445000 63.7671	24.4502	124.688
Hmel215006_BefP1 450000 467.039	294.19	618.139
Hmel215006_BefP1 45000 84.2301	41.8889	143.05
Hmel215006_BefP1 455000 163.848	70.2359	307.429
Hmel215006_BefP1 460000 280.925	117.761	460.462
Hmel215006_BefP1 465000 172.536	91.3953	279.944
Hmel215006_BefP1 470000 217.896	99.5346	354.036
Hmel215006_BefP1 475000 371.971	237.116	517.516
Hmel215006_BefP1 480000 291.476	174.898	427.561
Hmel215006_BefP1 485000 373.085	229.127	525.905
Hmel215006_BefP1 490000 316.331	145.898	521.658
Hmel215006_BefP1 495000 440.187	323.084	542.446
Hmel215006_BefP1 500000 394.479	264.587	490.243
Hmel215006_BefP1 50000 360.905	203.767	516.173
Hmel215006_BefP1 5000 301.021	172.167	442.282
Hmel215006_BefP1 505000 286.901	156.125	426.92
Hmel215006_BefP1 510000 436.981	284.906	567.132
Hmel215006_BefP1 515000 333.082	180.105	473.939
Hmel215006_BefP1 520000 336.009	200.339	490.568
Hmel215006_BefP1 525000 459.063	340.76	583.548
Hmel215006_BefP1 530000 272.517	167.354	376.078
Hmel215006_BefP1 535000 248.08	151.434	345.547
Hmel215006_BefP1 540000 208.544	135.599	302.315
Hmel215006_BefP1 545000 49.608	19.6653	94.1693
Hmel215006_BefP1 550000 115.948	35.8711	230.197
Hmel215006_BefP1 55000 435.059	253.684	562.52
Hmel215006_BefP1 555000 350.177	216.522	471.722
Hmel215006_BefP1 560000 354.885	263.436	446.449
Hmel215006_BefP1 565000 360.117	234.089	486.303
Hmel215006_BefP1 570000 268.245	143.967	407.914
Hmel215006_BefP1 575000 477.62	318.256	611.676
Hmel215006_BefP1 580000 345.07	196.024	483.319
Hmel215006_BefP1 585000 442.123	287.003	579.426
Hmel215006_BefP1 590000 381.877	284.631	488.288
Hmel215006_BefP1 595000 316.317	155.748	481.46
Hmel215006_BefP1 600000 593.353	473.402	707
Hmel215006_BefP1 60000 302.213	164.295	447.684
Hmel215006_BefP1 605000 280.661	149.353	434.268
Hmel215006_BefP1 610000 288.656	210.659	369.82
Hmel215006_BefP1 615000 229.839	141.717	328.89
Hmel215006_BefP1 620000 219.56	94.2856	372.681
Hmel215006_BefP1 625000 384.099	282.634	494.796
Hmel215006_BefP1 630000 505.523	391.594	618.55
Hmel215006_BefP1 635000 408.184	225.55	563.144
Hmel215006_BefP1 640000 53.1675	28.9288	89.6219
Hmel215006_BefP1 645000 236.448	174.322	299.796
Hmel215006_BefP1 650000 357.083	188.916	530.044
Hmel215006_BefP1 65000 444.76	304.994	566.127
Hmel215006_BefP1 655000 303.153	190.946	435.391
Hmel215006_BefP1 660000 546.082	416.053	649.304
Hmel215006_BefP1 665000 518.467	402.608	628.938
Hmel215006_BefP1 670000 421.252	296.78	547.498
Hmel215006_BefP1 675000 340.582	235.106	430.192
Hmel215006_BefP1 680000 393.463	231.628	548.577
Hmel215006_BefP1 685000 346.708	217.854	499.977
Hmel215006_BefP1 690000 423.917	267.589	559.754
Hmel215006_BefP1 695000 370.78	270.819	462.457
Hmel215006_BefP1 700000 535.123	425.439	627.647
Hmel215006_BefP1 70000 363.577	228.802	489.649
Hmel215006_BefP1 705000 437.618	265.905	587.815
Hmel215006_BefP1 710000 383.301	252.946	492.901
Hmel215006_BefP1 715000 544.565	407.707	655.793
Hmel215006_BefP1 720000 292.102	155.304	432.253
Hmel215006_BefP1 725000 425.505	254.705	574.544
Hmel215006_BefP1 730000 471.005	310.407	611.715
Hmel215006_BefP1 735000 315.013	180.326	453.034
Hmel215006_BefP1 740000 349.382	218.783	478.292
Hmel215006_BefP1 745000 371.516	250.709	474.029
Hmel215006_BefP1 750000 236.884	99.4048	393.274
Hmel215006_BefP1 75000 416.034	215.361	613.525
Hmel215006_BefP1 755000 193.874	126.993	283.949
Hmel215006_BefP1 760000 228.083	107.938	362.057
Hmel215006_BefP1 765000 402.811	301.271	512.434
Hmel215006_BefP1 770000 289.148	162.521	442.306
Hmel215006_BefP1 775000 129.508	72.752	209.127
Hmel215006_BefP1 780000 180.406	81.0384	307.433
Hmel215006_BefP1 785000 281.299	197.695	352.749
Hmel215006_BefP1 790000 374.173	232.48	534.7
Hmel215006_BefP1 795000 342.219	210.423	464.601
Hmel215006_BefP1 800000 312.537	183.312	444.079
Hmel215006_BefP1 80000 440.838	268.545	599.475
Hmel215006_BefP1 805000 448.641	367.711	529.322
Hmel215006_BefP1 810000 377.938	164.105	613.306
Hmel215006_BefP1 840000 477.855	325.707	611.853
Hmel215006_BefP1 845000 245.313	154.436	347.431
Hmel215006_BefP1 850000 96.4485	43.9444	182.335
Hmel215006_BefP1 85000 206.395	117.414	316.731
Hmel215006_BefP1 855000 216.897	112.052	336.241
Hmel215006_BefP1 860000 168.64	70.9959	292.728
Hmel215006_BefP1 865000 180.504	122.708	239.319
Hmel215006_BefP1 870000 151.108	55.5793	301.191
Hmel215006_BefP1 875000 267.384	168.788	366.571
Hmel215006_BefP1 880000 102.854	36.7146	207.485
Hmel215006_BefP1 885000 185.522	86.5398	318.442
Hmel215006_BefP1 890000 95.6374	32.5221	209.361
Hmel215006_BefP1 895000 257.984	152.231	376.502
Hmel215006_BefP1 900000 304.43	186.881	414.421
Hmel215006_BefP1 90000 313.991	203.703	434.379
Hmel215006_BefP1 905000 182.061	81.2084	360.444
Hmel215006_BefP1 910000 230.228	137.304	344.488
Hmel215006_BefP1 915000 131.868	36.9913	289.05
Hmel215006_BefP1 930000 207.428	117.943	326.481
Hmel215006_BefP1 935000 254.57	132.606	381.385
Hmel215006_BefP1 940000 340.313	117.613	578.83
Hmel215006_BefP1 945000 198.5	129.584	285.157
Hmel215006_BefP1 95000 322.487	205.244	443.595
Hmel215006_BefP1 955000 109.441	68.5897	175.887
Hmel215006_BefP1 975000 264.476	169.365	338.938
Hmel215006_BefP1 985000 391.871	272.779	492.887
Hmel215006_BefP1 990000 517.262	409.581	606.553
Hmel215006_BefP1 995000 271.221	154.066	389.718
Hmel215006_P1 0 81.492	30.4358	151.419
Hmel215006_P1 100000 876	821.727	925.958
Hmel215006_P1 10000 927.537	889.516	962.937
Hmel215006_P1 105000 850.03	798.141	896.632
Hmel215006_P1 110000 956.524	921.916	982.37
Hmel215006_P1 115000 914.213	874.271	947.372
Hmel215006_P1 120000 960.425	912.307	993.589
Hmel215006_P1 125000 904.526	850.579	941.629
Hmel215006_P1 130000 941.603	883.567	974.352
Hmel215006_P1 135000 876.515	824.265	928.744
Hmel215006_P1 140000 912.024	866.883	948.215
Hmel215006_P1 145000 588.242	358.961	744.008
Hmel215006_P1 150000 977.593	952.995	994.736
Hmel215006_P1 15000 765.16	697.8	824.271
Hmel215006_P1 155000 630.162	560.55	708.04
Hmel215006_P1 160000 820.197	745.802	876.586
Hmel215006_P1 165000 813.731	715.912	891.123
Hmel215006_P1 170000 953.676	912.854	984.942
Hmel215006_P1 175000 947.095	907.106	975.723
Hmel215006_P1 180000 939.007	893.927	976.073
Hmel215006_P1 185000 823.144	765.425	886.168
Hmel215006_P1 190000 941.862	883.545	978.34
Hmel215006_P1 195000 989.23	961.872	999.741
Hmel215006_P1 200000 933.517	876.672	974.959
Hmel215006_P1 20000 880.491	842.881	922.24
Hmel215006_P1 205000 946.784	900.494	983.339
Hmel215006_P1 210000 983.91	951.781	999.441
Hmel215006_P1 215000 935.405	890.821	975.949
Hmel215006_P1 220000 904.798	858.81	942.98
Hmel215006_P1 225000 909.483	875.527	944.39
Hmel215006_P1 230000 840.066	765.408	905.041
Hmel215006_P1 235000 886.575	837.336	928.753
Hmel215006_P1 240000 982.972	951.148	999.349
Hmel215006_P1 245000 971.867	943.818	996.488
Hmel215006_P1 250000 979.963	947.051	998.997
Hmel215006_P1 25000 741.745	662.908	818.362
Hmel215006_P1 255000 598.01	384.178	771.455
Hmel215006_P1 260000 823.365	712.278	908.969
Hmel215006_P1 265000 478.047	334.225	627.685
Hmel215006_P1 270000 669.117	530.016	764.412
Hmel215006_P1 275000 777.109	708.823	864.823
Hmel215006_P1 280000 673.581	597.495	757.831
Hmel215006_P1 285000 856.88	807.066	918.062
Hmel215006_P1 290000 889.421	827.864	938.757
Hmel215006_P1 295000 781.035	723.928	841.91
Hmel215006_P1 300000 767.765	671.538	845.458
Hmel215006_P1 30000 850.997	789.316	904.317
Hmel215006_P1 305000 533.96	420.212	637.606
Hmel215006_P1 310000 690.009	580.725	771.53
Hmel215006_P1 315000 556.313	347.931	703.424
Hmel215006_P1 320000 593.512	436.445	722.279
Hmel215006_P1 325000 836.255	734.483	907.031
Hmel215006_P1 330000 899.078	843.632	938.419
Hmel215006_P1 335000 764.398	705.845	823.048
Hmel215006_P1 340000 983.995	958.24	999.16
Hmel215006_P1 345000 881.108	826.045	925.507
Hmel215006_P1 350000 916.142	870.891	956.033
Hmel215006_P1 35000 924.101	878.577	960.986
Hmel215006_P1 355000 990.259	967.177	999.714
Hmel215006_P1 360000 799.103	734.313	857.38
Hmel215006_P1 365000 889.404	852.04	930.286
Hmel215006_P1 370000 927.18	888.832	960.187
Hmel215006_P1 375000 953.851	919.72	979.498
Hmel215006_P1 380000 926.212	872.99	969.089
Hmel215006_P1 385000 952.065	909.785	983.356
Hmel215006_P1 390000 921.689	890.34	951.56
Hmel215006_P1 395000 776.879	700.342	893.37
Hmel215006_P1 40000 940.324	899.945	974.485
Hmel215006_P1 45000 872.77	825.023	918.085
Hmel215006_P1 50000 780.694	669.474	859.152
Hmel215006_P1 5000 106.704	31.9063	256.973
Hmel215006_P1 55000 751.63	688.404	825.766
Hmel215006_P1 60000 924.17	875.83	961.794
Hmel215006_P1 65000 990.385	967.071	999.693
Hmel215006_P1 70000 776.331	676.143	868.332
Hmel215006_P1 75000 838.401	804.793	881.163
Hmel215006_P1 80000 953.675	918.53	980.345
Hmel215006_P1 85000 901.154	851.019	938.219
Hmel215006_P1 90000 915.948	857.805	952.357
Hmel215006_P1 95000 925.229	890.319	955.503
Hmel215006_P2 0 875.308	821.373	929.137
Hmel215006_P2 100000 615.069	516.017	709.721
Hmel215006_P2 10000 968.764	942.904	989.682
Hmel215006_P2 105000 650.282	594.329	708.443
Hmel215006_P2 110000 959.761	909.357	993.469
Hmel215006_P2 115000 617.888	506.157	713.75
Hmel215006_P2 120000 654.351	555.319	747.442
Hmel215006_P2 125000 625.401	516.414	741.135
Hmel215006_P2 130000 591.32	460.416	702.221
Hmel215006_P2 135000 973.032	938.82	993.578
Hmel215006_P2 140000 863.913	786.338	924.888
Hmel215006_P2 145000 651.464	535.564	748.036
Hmel215006_P2 150000 988.821	969.234	999.703
Hmel215006_P2 15000 956.956	921.729	981.565
Hmel215006_P2 155000 473.67	340.03	590.598
Hmel215006_P2 160000 943.779	899.299	974.39
Hmel215006_P2 165000 973.787	948.385	993.519
Hmel215006_P2 170000 832.147	789.095	864.817
Hmel215006_P2 175000 804.481	697.871	898.709
Hmel215006_P2 180000 990.998	968.784	999.759
Hmel215006_P2 185000 443.96	306.26	605.039
Hmel215006_P2 190000 686.273	462.225	825.713
Hmel215006_P2 195000 407.122	267.673	520.18
Hmel215006_P2 200000 508.342	419.786	606.331
Hmel215006_P2 20000 925.57	858.321	971.625
Hmel215006_P2 205000 585.569	466.569	695.253
Hmel215006_P2 210000 591.688	493.4	690.075
Hmel215006_P2 215000 507.965	373.392	650.497
Hmel215006_P2 220000 754.24	680.788	818.884
Hmel215006_P2 225000 649.449	561.301	742.273
Hmel215006_P2 230000 990.956	966.025	999.768
Hmel215006_P2 235000 736.525	626.737	830.544
Hmel215006_P2 240000 448.089	314.437	566.398
Hmel215006_P2 245000 951.67	908.342	983.022
Hmel215006_P2 250000 707.432	599.095	806.094
Hmel215006_P2 25000 923.899	857.221	973.466
Hmel215006_P2 255000 691.119	592.788	788.996
Hmel215006_P2 260000 589.745	479.746	690.031
Hmel215006_P2 265000 575.218	502.569	704.188
Hmel215006_P2 270000 595.295	488.121	684.131
Hmel215006_P2 275000 666.36	554.627	771.943
Hmel215006_P2 280000 643.537	543.747	738.313
Hmel215006_P2 285000 499.843	416.662	563.756
Hmel215006_P2 290000 992.524	974.402	999.817
Hmel215006_P2 295000 806.165	737.324	867.995
Hmel215006_P2 300000 588.654	485.494	687.934
Hmel215006_P2 30000 990.691	964.545	999.786
Hmel215006_P2 305000 911.508	796.573	972.655
Hmel215006_P2 310000 835.117	762.858	896.538
Hmel215006_P2 315000 786.907	672.176	877.492
Hmel215006_P2 320000 610.471	516.311	725.807
Hmel215006_P2 325000 694.385	591.723	788.792
Hmel215006_P2 330000 822.517	743.062	896.346
Hmel215006_P2 335000 853.823	763.784	930.027
Hmel215006_P2 340000 698.006	605.643	775.364
Hmel215006_P2 345000 766.636	682.542	842.462
Hmel215006_P2 350000 470.891	351.996	569.524
Hmel215006_P2 35000 878.507	805.725	940.62
Hmel215006_P2 355000 461.003	357.639	552.129
Hmel215006_P2 360000 741.261	607.651	841.474
Hmel215006_P2 365000 615.582	524.447	691.961
Hmel215006_P2 370000 543.622	453.015	637.473
Hmel215006_P2 375000 679.724	603.536	756.032
Hmel215006_P2 380000 551.486	477.336	639.127
Hmel215006_P2 385000 253.167	163.683	350.643
Hmel215006_P2 390000 698.958	577.838	797.907
Hmel215006_P2 395000 775.421	680.296	846.844
Hmel215006_P2 400000 564.057	473.016	652.812
Hmel215006_P2 40000 921.469	866.712	969.378
Hmel215006_P2 405000 715.717	645.653	792.713
Hmel215006_P2 45000 844.902	774.033	900.594
Hmel215006_P2 50000 934.464	890.995	969.435
Hmel215006_P2 5000 924.463	880.294	956.34
Hmel215006_P2 55000 522.897	409.516	630.889
Hmel215006_P2 60000 900.832	836.836	954.608
Hmel215006_P2 65000 635.668	510.354	740.358
Hmel215006_P2 70000 657.769	589.486	731.426
Hmel215006_P2 75000 625.127	528.339	706.992
Hmel215006_P2 80000 991.143	970.472	999.757
Hmel215006_P2 85000 602.269	498.624	687.848
Hmel215006_P2 90000 639.554	513.026	755.229
Hmel215006_P2 95000 692.091	587.219	782.622
Hmel215008 0 122.69	31.6681	250.117
Hmel215008 100000 844.395	761.156	914.186
Hmel215008 10000 697.48	604.769	782.065
Hmel215008 105000 614.051	522.486	684.581
Hmel215008 110000 689.322	527.299	818.974
Hmel215008 115000 721.339	593.272	818.767
Hmel215008 120000 467.643	349.748	580.208
Hmel215008 125000 862.134	745.785	945.476
Hmel215008 130000 480.765	372.432	588.274
Hmel215008 135000 938.561	873.208	989.115
Hmel215008 140000 656.213	519.047	786.828
Hmel215008 145000 549.381	461.121	642.51
Hmel215008 150000 358.067	222.453	490.757
Hmel215008 15000 632.224	528.053	722.593
Hmel215008 155000 665.777	579.262	753.261
Hmel215008 160000 479.562	393.577	574.443
Hmel215008 165000 561.135	458.948	651.271
Hmel215008 170000 440.34	344.009	521.796
Hmel215008 175000 727.997	634.954	812.072
Hmel215008 180000 811.859	715.722	886.839
Hmel215008 185000 475.608	379.412	565.458
Hmel215008 190000 647.858	552.983	735.318
Hmel215008 195000 726.109	633.697	811.322
Hmel215008 200000 409.192	343.628	485.36
Hmel215008 20000 871.787	789.002	933.475
Hmel215008 205000 492.073	401.767	591.763
Hmel215008 210000 865.482	749.337	943.711
Hmel215008 215000 573.198	458.506	675.398
Hmel215008 220000 723.256	637.897	800.038
Hmel215008 225000 626.176	531.215	724.085
Hmel215008 230000 430.052	295.885	559.842
Hmel215008 25000 728.344	599.987	811.155
Hmel215008 30000 727.977	639.646	800.4
Hmel215008 35000 970.911	936.519	992.637
Hmel215008 40000 514.722	414.243	598.087
Hmel215008 45000 830.532	741.46	904.67
Hmel215008 50000 904.05	827.619	963.827
Hmel215008 5000 64.6686	25.2843	133.029
Hmel215008 55000 717.295	587.421	800.452
Hmel215008 60000 616.198	502.109	737.865
Hmel215008 65000 578.245	484.503	670.131
Hmel215008 70000 776.304	715.834	842.523
Hmel215008 75000 463.255	349.758	581.858
Hmel215008 80000 712.981	620.699	795.528
Hmel215008 85000 662.016	574.259	745.748
Hmel215008 90000 949.9	893.007	990.03
Hmel215008 95000 811.888	728.74	885.459
Hmel215009 0 827.786	724.864	910.85
Hmel215009 10000 865.733	779.384	931.696
Hmel215009 15000 498.08	394.716	590.521
Hmel215009 20000 641.807	521.063	738.891
Hmel215009 25000 580.798	484.892	678.413
Hmel215009 30000 582.474	517.762	643.574
Hmel215009 35000 455.333	363.738	553.601
Hmel215009 40000 668.724	528.164	778.418
Hmel215009 45000 735.435	656.264	803.136
Hmel215009 50000 583.846	502.498	651.48
Hmel215009 5000 952.095	890.966	989.472
Hmel215009 55000 751.23	638.639	860.862
Hmel215009 60000 476.193	355.355	591.686
Hmel215010 0 660.154	508.991	781.311
Hmel215010 10000 205.452	80.2376	405.451
Hmel215010 15000 333.228	184.099	483.002
Hmel215010 20000 291.016	137.306	483.452
Hmel215010 25000 236.509	138.591	342.348
Hmel215010 30000 362.11	230.788	490.886
Hmel215010 5000 209.349	114.318	335.227
Hmel215011 0 397.302	253.321	537.871
Hmel215011 10000 660.442	571.308	739.843
Hmel215011 15000 876.518	795.435	952.313
Hmel215011 5000 734.552	609.8	848.708
Hmel215012 0 734.249	625.421	840.873
Hmel215012 5000 678.307	575.948	766.208
Hmel215017 0 637.889	538.695	728.981
Hmel215017 10000 656.276	557.946	752.433
Hmel215017 15000 630.245	527.692	728.47
Hmel215017 20000 989.669	958.622	999.759
Hmel215017 25000 768.138	667.148	860.146
Hmel215017 30000 719.188	645.052	795.514
Hmel215017 35000 648.181	530.172	765.701
Hmel215017 40000 587.942	464.114	698.484
Hmel215017 45000 763.861	653.04	858.723
Hmel215017 50000 853.355	754.825	928.039
Hmel215017 5000 561.347	470.412	647.991
Hmel215017 55000 504.37	401.638	594.383
Hmel215017 60000 836.579	741.183	904.308
Hmel215017 65000 464.131	352.204	592.439
Hmel215017 70000 830.262	754.42	898.176
Hmel215017 75000 968.315	928.682	993.651
Hmel215017 80000 949.9	899.515	984.383
Hmel215018 0 673.62	597.168	732.428
Hmel215018 10000 473.163	349.621	596.153
Hmel215018 15000 669.353	592.19	741.84
Hmel215018 20000 783.998	696.079	866.08
Hmel215018 25000 625.941	526.223	738.362
Hmel215018 30000 784.882	706.759	860.717
Hmel215018 35000 882.982	824.066	928.279
Hmel215018 40000 650.337	501.747	781.43
Hmel215018 45000 892.855	819.068	948.11
Hmel215018 50000 466.113	352.673	568.948
Hmel215018 5000 916.07	838.443	975.232
Hmel215018 55000 597.06	474.753	701.937
Hmel215018 60000 775.066	715.437	842.422
Hmel215018 65000 890.458	804.405	951.164
Hmel215019 0 943.187	887.496	980.415
Hmel215019 10000 612.588	493.409	693.561
Hmel215019 15000 526.937	413.385	637.992
Hmel215019 20000 695.443	595.427	784.602
Hmel215019 25000 592.965	483.956	689.02
Hmel215019 30000 795.524	729.83	850.645
Hmel215019 5000 698.729	574.009	803.301
Hmel215020 0 468.861	334.661	586.053
Hmel215020 10000 678.518	548.867	783.954
Hmel215020 15000 845.837	769.39	911.655
Hmel215020 20000 590.117	467.457	687.787
Hmel215020 25000 564.473	457.572	654.344
Hmel215020 30000 635.7	537.718	743.27
Hmel215020 35000 588.748	498.401	674.506
Hmel215020 5000 659.931	572.444	735.492
Hmel215021 0 241.729	114.714	412.88
Hmel215025_AftP2 0 676.271	599.773	743.822
Hmel215025_AftP2 10000 220.938	105.851	349.74
Hmel215025_AftP2 15000 440.064	316.421	553.151
Hmel215025_AftP2 20000 305.023	221.363	384.004
Hmel215025_AftP2 5000 429.845	304.307	541.909
Hmel215025_P2 0 937.119	877.529	980.604
Hmel215025_P2 100000 987.065	945.185	999.717
Hmel215025_P2 10000 711.668	632.976	787.677
Hmel215025_P2 105000 521.963	442.99	588.016
Hmel215025_P2 110000 749.604	643.983	862.806
Hmel215025_P2 115000 757.503	652.104	850.365
Hmel215025_P2 120000 817.905	741.806	897.589
Hmel215025_P2 125000 590.549	415.996	711.276
Hmel215025_P2 15000 626.111	517.328	698.269
Hmel215025_P2 20000 315.441	175.775	470.986
Hmel215025_P2 25000 622.307	518.635	701.433
Hmel215025_P2 30000 313.672	202.956	420.274
Hmel215025_P2 35000 639.205	571.904	706.299
Hmel215025_P2 40000 653.091	554.485	733.994
Hmel215025_P2 45000 870.005	794.538	924.256
Hmel215025_P2 50000 611.597	494.643	720.846
Hmel215025_P2 5000 534.478	449.21	628.998
Hmel215025_P2 55000 814.505	730.781	881.53
Hmel215025_P2 60000 926.058	866.335	963.736
Hmel215025_P2 65000 841.312	753.116	906.221
Hmel215025_P2 70000 768.12	678.577	849.351
Hmel215025_P2 75000 539.41	425.829	646.741
Hmel215025_P2 80000 575.358	467.616	661.632
Hmel215025_P2 85000 815.888	736.029	871.52
Hmel215025_P2 90000 975.502	944.654	995.664
Hmel215025_P2 95000 963.239	921.806	991.893
Hmel215028 0 461.03	350.123	587.567
Hmel215028 1000000 337.142	181.679	482.583
Hmel215028 100000 354.104	230.42	478.546
Hmel215028 10000 273.19	165.795	388.517
Hmel215028 1005000 294.175	194.152	392.709
Hmel215028 1010000 516.347	397.59	612.129
Hmel215028 1015000 288.472	190.728	389.29
Hmel215028 1020000 232.163	130.324	340.71
Hmel215028 1025000 404.309	283.59	512.871
Hmel215028 1030000 324.097	210.574	448.334
Hmel215028 1035000 346.624	219.35	466.783
Hmel215028 1040000 373.811	211.707	563.443
Hmel215028 1045000 307.065	204.03	412.999
Hmel215028 1050000 391.189	256.448	527.434
Hmel215028 105000 385.633	239.097	528.914
Hmel215028 1055000 393.124	261.991	517.127
Hmel215028 1060000 126.467	67.4209	203.324
Hmel215028 1065000 351.495	220.708	478.645
Hmel215028 1070000 405.189	241.051	541.222
Hmel215028 1075000 372.23	210.531	535.797
Hmel215028 1080000 247.165	143.09	368.784
Hmel215028 1085000 280.724	169.106	396.711
Hmel215028 1090000 241.341	138.288	366.938
Hmel215028 1095000 384.733	280.996	481.582
Hmel215028 1100000 441.615	307.285	559.771
Hmel215028 110000 414.069	281.38	567.178
Hmel215028 1105000 237.647	134.949	354.022
Hmel215028 115000 280.606	161.13	398.958
Hmel215028 120000 453.107	283.157	598.187
Hmel215028 125000 293.29	160.628	452.53
Hmel215028 130000 333.379	236.095	429.877
Hmel215028 135000 567.326	474.009	653.591
Hmel215028 140000 293.568	190.625	420.099
Hmel215028 145000 484.872	347.043	609.141
Hmel215028 150000 466.587	323.866	577.316
Hmel215028 15000 457.626	322.05	613.132
Hmel215028 155000 376.738	255.461	501.616
Hmel215028 160000 269.373	185.801	371.486
Hmel215028 165000 351	227.395	474.964
Hmel215028 170000 276.621	156.396	418.929
Hmel215028 175000 412.917	264.913	555.822
Hmel215028 180000 460.392	280.166	591.752
Hmel215028 185000 205.412	105.689	309.725
Hmel215028 190000 262.849	180.026	335.974
Hmel215028 195000 623.1	477.367	733.448
Hmel215028 200000 229.634	107.876	339.263
Hmel215028 20000 350.191	261.68	434.542
Hmel215028 205000 293.333	167.18	426.331
Hmel215028 210000 471.241	321.508	611.317
Hmel215028 215000 453.697	298.67	594.053
Hmel215028 220000 430.304	311.964	549.749
Hmel215028 225000 422.745	277.244	560.186
Hmel215028 230000 538.526	370.607	671.105
Hmel215028 235000 456.384	291.683	607.028
Hmel215028 240000 381.449	224.91	538.703
Hmel215028 245000 385.116	294.484	486.736
Hmel215028 250000 290.919	197.41	373.165
Hmel215028 25000 307.635	194.781	425.868
Hmel215028 255000 214.689	94.4621	371.926
Hmel215028 260000 274.209	67.0857	509.583
Hmel215028 265000 118.495	69.7781	189.721
Hmel215028 270000 283.271	125.268	422.239
Hmel215028 275000 192.357	79.1797	310.102
Hmel215028 280000 167.35	84.4551	262.879
Hmel215028 290000 196.233	117.644	293.44
Hmel215028 295000 262.912	156.703	364.784
Hmel215028 300000 471.894	317.17	610.202
Hmel215028 30000 363.835	228.581	484.069
Hmel215028 305000 274.649	153.454	421.225
Hmel215028 310000 274.949	147.688	385.104
Hmel215028 315000 410.126	297.641	499.809
Hmel215028 320000 210.994	100.746	326.778
Hmel215028 325000 321.852	201.455	434.561
Hmel215028 330000 285.42	195.966	411.737
Hmel215028 335000 301.164	180.634	404.831
Hmel215028 340000 199.636	112.739	291.079
Hmel215028 345000 396.589	280.124	515.177
Hmel215028 350000 417.869	265.044	555.946
Hmel215028 35000 453.347	357.763	533.696
Hmel215028 355000 324.474	181.774	478.814
Hmel215028 360000 504.493	389.898	609.19
Hmel215028 365000 451.386	298.297	579.542
Hmel215028 385000 434.44	335.274	531.332
Hmel215028 390000 321.637	179.713	445.548
Hmel215028 395000 257.844	140.439	374.136
Hmel215028 40000 299.942	192.378	400.471
Hmel215028 405000 302.364	167.969	441.361
Hmel215028 410000 373.49	263.814	473.791
Hmel215028 415000 369.439	222.359	487.946
Hmel215028 420000 635.382	446.277	782.494
Hmel215028 425000 562.039	404.283	667.884
Hmel215028 430000 366.46	259.359	472.811
Hmel215028 435000 257.607	137.503	419.606
Hmel215028 445000 411.433	219.415	573.016
Hmel215028 450000 451.583	329.298	552.159
Hmel215028 45000 282.904	173.845	412.381
Hmel215028 455000 396.218	258.593	537.412
Hmel215028 460000 352.821	208.201	502.473
Hmel215028 465000 328.954	191.859	450.88
Hmel215028 470000 168.751	66.8648	316.02
Hmel215028 475000 516.954	396.79	618.217
Hmel215028 480000 596.275	425.225	724.107
Hmel215028 485000 538.383	409.786	634.074
Hmel215028 490000 266.869	131.889	388.873
Hmel215028 495000 462.459	337.298	607.379
Hmel215028 500000 365.269	273.586	452.401
Hmel215028 50000 189.631	97.8338	315.708
Hmel215028 5000 306.4	215.475	401.066
Hmel215028 505000 235.057	103.784	359.247
Hmel215028 510000 296.964	206.28	392.802
Hmel215028 515000 381.988	241.297	525.381
Hmel215028 520000 412.749	300.421	527.794
Hmel215028 525000 193.777	122.663	267.501
Hmel215028 530000 497.184	350.895	621.447
Hmel215028 535000 276.452	96.7855	483.76
Hmel215028 540000 268.615	122.705	420.077
Hmel215028 545000 272.465	144.59	409.718
Hmel215028 550000 403.467	295.585	516.384
Hmel215028 55000 228.284	141.819	324.925
Hmel215028 555000 305.81	177.011	438.104
Hmel215028 560000 325.809	221.217	428.473
Hmel215028 565000 387.058	242.518	524.522
Hmel215028 570000 362.508	275.811	458.069
Hmel215028 580000 346.319	258.342	464.363
Hmel215028 590000 243.225	128.636	383.099
Hmel215028 595000 367.579	260.986	461.495
Hmel215028 600000 313.194	214.037	427.989
Hmel215028 60000 155.351	64.4124	287.833
Hmel215028 605000 291.966	186.092	400.06
Hmel215028 610000 408.789	218.739	589.178
Hmel215028 615000 232.81	130.66	355.95
Hmel215028 620000 196.737	107.581	313.609
Hmel215028 630000 428.238	309.341	519.109
Hmel215028 635000 209.324	103.952	356.186
Hmel215028 645000 283.544	152.228	420.067
Hmel215028 650000 313.884	215.347	419.187
Hmel215028 65000 162.218	88.7117	256.644
Hmel215028 655000 302.431	177.636	421.333
Hmel215028 660000 393.404	314.5	461.071
Hmel215028 665000 340.252	203.618	458.731
Hmel215028 670000 457.851	330.461	565.587
Hmel215028 675000 419.049	286.463	528.64
Hmel215028 680000 357.444	164.908	519.693
Hmel215028 685000 190.613	96.796	303.877
Hmel215028 690000 429.074	262.596	560.504
Hmel215028 695000 335.515	203.178	468.861
Hmel215028 700000 231.74	133.983	330.876
Hmel215028 70000 401.487	285.8	534.192
Hmel215028 705000 492.677	360.387	627.296
Hmel215028 710000 472.335	377.918	566.982
Hmel215028 715000 364.898	285.315	467.484
Hmel215028 720000 418.389	294.005	540.838
Hmel215028 725000 241.64	130.162	360.291
Hmel215028 740000 352.179	207.66	475.455
Hmel215028 745000 421.82	304.478	517.727
Hmel215028 750000 461.159	324.336	586.379
Hmel215028 75000 503.383	407.066	583.64
Hmel215028 755000 298.652	170.912	395.293
Hmel215028 760000 261.008	147.155	359.266
Hmel215028 765000 191.758	111.089	279.318
Hmel215028 770000 267.359	177.781	349.261
Hmel215028 775000 366.447	207.442	529.198
Hmel215028 780000 450.747	312.607	577.001
Hmel215028 785000 352.198	233.798	455.16
Hmel215028 790000 327.632	203.39	458.674
Hmel215028 795000 132.19	35.6507	289.165
Hmel215028 800000 189.405	81.1312	320.517
Hmel215028 80000 254.355	162.46	347.285
Hmel215028 805000 441.049	235.577	622.156
Hmel215028 810000 128.226	57.7835	229.287
Hmel215028 815000 300.037	193.953	396.957
Hmel215028 820000 656.208	429.156	815.144
Hmel215028 825000 502.318	346.068	622.659
Hmel215028 835000 323.77	221.585	431.442
Hmel215028 840000 409.607	312.061	501.015
Hmel215028 845000 513.332	372.948	636.69
Hmel215028 850000 438.65	311.793	552.98
Hmel215028 85000 315.105	233.175	396.441
Hmel215028 855000 278.691	146.673	461.349
Hmel215028 860000 312.488	167.104	445.744
Hmel215028 865000 591.151	411.608	699.756
Hmel215028 870000 281.34	135.12	446.563
Hmel215028 875000 418.305	269.896	554.326
Hmel215028 880000 275.522	188.492	360.137
Hmel215028 885000 415.854	209.215	627.582
Hmel215028 890000 189.182	58.0464	371.673
Hmel215028 895000 357.791	208.393	478.485
Hmel215028 900000 401.228	234.686	533.77
Hmel215028 90000 429.308	327.383	559.561
Hmel215028 905000 296.805	194.101	402.091
Hmel215028 910000 420.959	241.367	573.121
Hmel215028 915000 307.58	167.953	469.666
Hmel215028 920000 324.501	187.154	438.379
Hmel215028 925000 345.267	213.741	493.964
Hmel215028 930000 422.012	238.071	545.426
Hmel215028 935000 573.297	427.46	701.628
Hmel215028 940000 571.415	450.005	705.352
Hmel215028 945000 360.734	248.03	479.158
Hmel215028 950000 290.916	166.574	411.498
Hmel215028 95000 222.487	115.135	349.47
Hmel215028 955000 372.269	281.915	466.683
Hmel215028 960000 359.944	258.866	478.205
Hmel215028 965000 358.637	261.976	448.001
Hmel215028 970000 335.425	179.136	530.657
Hmel215028 975000 287.545	181.379	389.587
Hmel215028 980000 270.425	150	397.424
Hmel215028 985000 255.566	187.532	327.211
Hmel215028 990000 259.423	162.39	348.794
Hmel215028 995000 376.143	292.427	455.921
Hmel215029 0 513.903	331.292	660.453
Hmel215029 100000 421.183	252.455	589.189
Hmel215029 10000 250.617	182.664	326.51
Hmel215029 105000 250.711	159.688	357.391
Hmel215029 110000 233.933	163.808	315.527
Hmel215029 115000 441.187	274.79	573.469
Hmel215029 120000 490.715	358.121	633.96
Hmel215029 125000 286.635	186.615	369.335
Hmel215029 130000 392.534	233.601	526.813
Hmel215029 135000 142.775	79.05	223.296
Hmel215029 140000 395.272	267.783	514.875
Hmel215029 145000 163.786	93.4946	258.046
Hmel215029 150000 244.814	131.421	375.537
Hmel215029 15000 360.438	214.557	460.508
Hmel215029 155000 229.022	126.048	340.154
Hmel215029 160000 288.894	188.606	404.861
Hmel215029 165000 356.696	208.97	502.292
Hmel215029 170000 284.976	178.325	385.56
Hmel215029 175000 321.4	170.246	472.396
Hmel215029 180000 328.499	204.918	441.908
Hmel215029 185000 430.754	297.223	544.518
Hmel215029 190000 315.261	160.755	464.161
Hmel215029 195000 288.208	175.702	394.215
Hmel215029 200000 342.984	227.548	468.958
Hmel215029 20000 160.093	76.9088	262.898
Hmel215029 205000 220.438	137.07	313.3
Hmel215029 210000 240.826	133.54	370.517
Hmel215029 215000 51.9862	23.3008	99.6035
Hmel215029 220000 212.815	107.236	326.959
Hmel215029 225000 161.848	80.1378	260.147
Hmel215029 230000 226.863	157.535	304.373
Hmel215029 235000 368.204	244.395	482.1
Hmel215029 240000 142.024	70.3024	231.68
Hmel215029 245000 183.384	86.3203	284.8
Hmel215029 250000 276.106	161.558	391.464
Hmel215029 25000 399.751	296.234	492.509
Hmel215029 255000 307.993	201.231	421.444
Hmel215029 260000 313.369	185.837	432.207
Hmel215029 265000 332.955	227.574	417.45
Hmel215029 270000 93.5291	41.1895	176.065
Hmel215029 275000 17.1599	6.73905	34.5106
Hmel215029 280000 191.414	52.6615	363.922
Hmel215029 285000 182.904	100.489	284.914
Hmel215029 290000 159.39	72.2309	267.785
Hmel215029 295000 168.54	107.53	237.927
Hmel215029 300000 345.93	216.965	464.828
Hmel215029 30000 272.218	213.093	333.023
Hmel215029 305000 322.697	230.903	453.96
Hmel215029 310000 248.067	156.197	362.795
Hmel215029 315000 489.146	382.265	599.717
Hmel215029 320000 370.345	205.531	526.374
Hmel215029 325000 300.183	210.564	386.604
Hmel215029 330000 296.914	168.512	398.171
Hmel215029 335000 255.315	93.8313	456.211
Hmel215029 340000 98.0009	39.1697	176.577
Hmel215029 345000 36.1259	13.7993	67.9598
Hmel215029 350000 218.578	84.2268	385.039
Hmel215029 35000 372.796	267.513	476.128
Hmel215029 355000 101.267	54.306	171.168
Hmel215029 360000 74.8087	30.2341	142.1
Hmel215029 365000 183.939	117.409	263.627
Hmel215029 370000 89.7944	41.1251	177.774
Hmel215029 375000 58.9637	13.8791	142.843
Hmel215029 380000 86.4223	52.8989	129.476
Hmel215029 385000 125.779	73.3694	196.668
Hmel215029 390000 49.3142	25.2357	83.1405
Hmel215029 40000 372.064	249.097	488.996
Hmel215029 45000 408.406	289.577	539.468
Hmel215029 50000 375.007	285.787	474.844
Hmel215029 5000 315.878	171.264	462.571
Hmel215029 55000 426.47	330.15	542.424
Hmel215029 60000 294.279	152.525	449.837
Hmel215029 65000 185.08	93.9773	283.312
Hmel215029 70000 70.0721	21.5947	147.433
Hmel215029 75000 212.078	121.521	314.096
Hmel215029 80000 289.591	121.049	482.962
Hmel215029 85000 428.176	278.524	547.348
Hmel215029 90000 177.708	110.511	260.116
Hmel215029 95000 311.95	185.692	450.65
